5.199723095804195117e-01
5.497925867268026456e-01
5.782778054752513164e-01
6.053595861113928445e-01
6.309985917222176166e-01
6.551809703693607378e-01
6.779146107634506091e-01
6.992253012280155167e-01
7.191531130879426081e-01
7.377489887537272972e-01
7.550718097927917594e-01
7.711857367175690703e-01
7.861580312014728733e-01
8.000572840122728291e-01
8.129519498191583038e-01
8.249092849362661406e-01
8.359944516792316982e-01
8.462699513503376680e-01
8.557952439415184021e-01
8.646264973890972483e-01
8.728164055010162459e-01
8.804142502004929094e-01
8.874658891759943380e-01
8.940138640992123520e-01
9.000975330774183547e-01
9.057532523928941703e-01
9.110145187770910535e-01
9.159121537206813546e-01
9.204745133513629884e-01
9.247276197276804721e-01
9.286953865920067885e-01
9.323997381763726722e-01
9.358607965532614870e-01
9.390970260477029541e-01
9.421253498081639810e-01
9.449613187377946533e-01
9.476191778929448084e-01
9.501119985838748505e-01
9.524518354729278879e-01
9.546497009508108089e-01
9.567157537381436594e-01
9.586593319527527690e-01
9.604890123652252143e-01
9.622127161348084101e-01
9.638377107639969354e-01
9.653707327292404550e-01
9.668179674291643710e-01
9.681851256791265126e-01
9.694775013164409483e-01
9.706999833853995341e-01
9.718570830986476006e-01
9.729529806118295543e-01
9.739915400735134066e-01
9.749763801014739162e-01
9.759108147510147102e-01
9.767979351112019426e-01
9.776406244672575241e-01
9.784415346473734898e-01
9.792031774382856657e-01
9.799278502686610270e-01
9.806177125483165335e-01
9.812747777662257365e-01
9.819009001688253635e-01
9.824978562453872133e-01
9.830672555226914744e-01
9.836106385484476577e-01
9.841294307991375057e-01
9.846249695657807166e-01
9.850985121086348606e-01
9.855512176896933374e-01
9.859841903404145125e-01
9.863984719396848844e-01
9.867950314821634095e-01
9.871747517411818551e-01
9.875385153804613347e-01
9.878871160205702218e-01
9.882213078675383677e-01
9.885418165338294427e-01
9.888492985630651377e-01
9.891443808049895647e-01
9.894276797988729166e-01
9.896997403756617739e-01
9.899611040880150759e-01
9.902122575754225275e-01
9.904536890911829206e-01
9.906858571015794146e-01
9.909091501848946715e-01
9.911239875571702385e-01
9.913307535617190691e-01
9.915298076385115067e-01
9.917214727814587238e-01
9.919060967207824486e-01
9.920839510222382307e-01
9.922553713870084779e-01
9.924205909424262950e-01
9.925799023072943150e-01
9.927335342683685226e-01
9.928817485733723025e-01
9.930247217203667098e-01
9.931627189358982477e-01
9.932959176739030172e-01
9.934245041207804272e-01
9.935486828105836166e-01
9.936686225480088064e-01
9.937844873140825319e-01
9.938964364279059271e-01
9.940046192568610106e-01
9.941092026747877508e-01
9.942102924677503895e-01
9.943080330986314719e-01
9.944025601834065586e-01
9.944939823037064475e-01
9.945824283420006129e-01
9.946680010211376155e-01
9.947507972556443034e-01
9.948309368755212656e-01
9.949084923604618602e-01
9.949835647716280818e-01
9.950562734253047825e-01
9.951266638630580363e-01
9.951948308932071496e-01
