0.000000000000000000e+00
1.481504513439398920e+02
2.927516805822498327e+02
4.337367884442777495e+02
5.710640066741897272e+02
7.047150300444997129e+02
8.346929767439589796e+02
9.610201147621786504e+02
1.083735476426974628e+03
1.202892463298514713e+03
1.318556521988753957e+03
1.430802950315935277e+03
1.539714873990219758e+03
1.645381417594688173e+03
1.747896080304216866e+03
1.847355316533923542e+03
1.943857314255595838e+03
2.037500958666299312e+03
2.128384965796238703e+03
2.216607169071514363e+03
2.302263941413000339e+03
2.385449735824828622e+03
2.466256728336401011e+03
2.544774548401099310e+03
2.621090083265688463e+03
2.695287344293012211e+03
2.767447384668545965e+03
2.837648259297336153e+03
2.905965018970973233e+03
2.972469732038720394e+03
3.037231527847225152e+03
3.100316657121120443e+03
3.161788565248373743e+03
3.221707975118335526e+03
3.280132976747169778e+03
3.337119121425216690e+03
3.392719518544316543e+03
3.446984933619838557e+03
3.499963886321272184e+03
3.551702747574805926e+03
3.602245835008594440e+03
3.651635506182825793e+03
3.699912249187709222e+03
3.747114770307986419e+03
3.793280078546566074e+03
3.838443566875988836e+03
3.882639090147552452e+03
3.925899039636668931e+03
3.968254414241478571e+03
4.009734888381711698e+03
4.050368876667791028e+03
4.090183595427449745e+03
4.129205121189768761e+03
4.167458446235376869e+03
4.204967531327308279e+03
4.241755355740388040e+03
4.277843964708357817e+03
4.313254514407767601e+03
4.348007314596327888e+03
4.382121869021081693e+03
4.415616913708764514e+03
4.448510453247206897e+03
4.480819795162755327e+03
4.512561582494580762e+03
4.543751824662435865e+03
4.574405926720159187e+03
4.604538717082813491e+03
4.634164473811084463e+03
4.663296949532363215e+03
4.691949395073767846e+03
4.720134581878438439e+03
4.747864823272539979e+03
4.775151994646756066e+03
4.802007552612491054e+03
4.828442553189644059e+03
4.854467669079599546e+03
4.880093206074016962e+03
4.905329118647117866e+03
4.930185024776429600e+03
4.954670220034319755e+03
4.978793690990260984e+03
5.002564127961391932e+03
5.025989937146803641e+03
5.049079252178898059e+03
5.071839945123260804e+03
5.094279636956616741e+03
5.116405707550784427e+03
5.138225305188881066e+03
5.159745355638550791e+03
5.180972570805529358e+03
5.201913456989548649e+03
5.222574322763314740e+03
5.242961286494089109e+03
5.263080283526322091e+03
5.282937073042733573e+03
5.302537244620228194e+03
5.321886224496144678e+03
5.340989281559448500e+03
5.359851533080666741e+03
5.378477950193610013e+03
5.396873363141169648e+03
5.415042466296849852e+03
5.432989822973011542e+03
5.450719870026231547e+03
5.468236922269617025e+03
5.485545176701351011e+03
5.502648716558297565e+03
5.519551515202973860e+03
5.536257439851789968e+03
5.552770255152015125e+03
5.569093626614545428e+03
5.585231123909185044e+03
5.601186224028784636e+03
5.616962314328272441e+03
5.632562695444280507e+03
5.647990584100796696e+03
5.663249115805976544e+03
5.678341347445011706e+03
5.693270259773674297e+03
5.708038759816957281e+03
5.722649683176974577e+03
